%YAML:1.0
---
camera_matrix_left: !!opencv-matrix
   rows: 3
   cols: 3
   dt: d
   data: [ 526.93133544921875, 0., 654.04010009765625, 0.,
       526.93133544921875, 360.50299072265625, 0., 0., 1. ]
dist_coeffs_left: !!opencv-matrix
   rows: 1
   cols: 12
   dt: d
   data: [ 0., 0., 0., 0., 0., 0., 0., 0., 0., 0., 0., 0. ]
camera_matrix_right: !!opencv-matrix
   rows: 3
   cols: 3
   dt: d
   data: [ 526.93133544921875, 0., 654.04010009765625, 0.,
       526.93133544921875, 360.50299072265625, 0., 0., 1. ]
dist_coeffs_right: !!opencv-matrix
   rows: 1
   cols: 12
   dt: d
   data: [ 0., 0., 0., 0., 0., 0., 0., 0., 0., 0., 0., 0. ]
R: !!opencv-matrix
   rows: 3
   cols: 3
   dt: d
   data: [ 1., 0., 0., 0., 1., 0., 0., 0., 1. ]
T: !!opencv-matrix
   rows: 3
   cols: 1
   dt: d
   data: [ 0.11968504637479782, 0., 0. ]
