%YAML:1.0
---
camera_matrix_left: !!opencv-matrix
   rows: 3
   cols: 3
   dt: d
   data: [ 526.81732177734375, 0., 654.0419921875, 0.,
       526.81732177734375, 360.50445556640625, 0., 0., 1. ]
dist_coeffs_left: !!opencv-matrix
   rows: 12
   cols: 1
   dt: d
   data: [ 0., 0., 0., 0., 0., 0., 0., 0., 0., 0., 0., 0. ]
camera_matrix_right: !!opencv-matrix
   rows: 3
   cols: 3
   dt: d
   data: [ 526.81732177734375, 0., 654.0419921875, 0.,
       526.81732177734375, 360.50445556640625, 0., 0., 1. ]
dist_coeffs_right: !!opencv-matrix
   rows: 12
   cols: 1
   dt: d
   data: [ 0., 0., 0., 0., 0., 0., 0., 0., 0., 0., 0., 0. ]
